0.001
0.00125
0.0015625
0.001953125
0.00244140625
0.0030517578125
0.003814697265625
0.00476837158203125
0.0059604644775390625
0.007450580596923828
0.009313225746154785
0.011641532182693481
0.014551915228366852
0.018189894035458565
0.0157626324557
0.0157626324557
0.0157626324557
0.00788131622784
0.00788131622784
0.00788131622784
0.00788131622784
0.0157626324557
0.0157626324557
0.0157626324557
0.018189894035458565
0.014551915228366852
0.011641532182693481
0.009313225746154785
0.007450580596923828
0.0059604644775390625
0.00476837158203125
0.003814697265625
0.0030517578125
0.00244140625
0.001953125
0.0015625
0.00125
0.001
